Face
15 24 22 15 24 22 16 25 23 17 26 24 17 27 24 16 27 26 16 29 28 17 30 30 18 30 32 19 31 33 19 31 33 18 30 32 20 29 32 21 30 33 22 29 32 20 27 30 18 27 26 17 26 24 17 25 23 18 24 23 17 23 22 17 23 22 17 23 22 17 23 22 17 23 22 18 24 23 18 24 23 19 25 24 20 26 25 20 26 25 21 27 26 23 29 30 25 30 33 26 30 34 26 30 35 26 31 38 24 33 44 26 35 46 29 39 47 32 42 50 38 42 55 40 43 57 46 45 
61 48 47 63 50 47 66 51 48 67 50 49 68 48 50 68 48 51 69 44 52 72 45 53 73 43 54 73 43 54 73 46 53 73 46 52 72 46 53 71 46 53 70 41 53 70 35 53 69 34 52 68 34 52 68 34 52 68 35 53 69 34 52 68 37 51 67 37 51 67 39 50 67 39 50 67 40 49 68 41 49 69 41 50 70 40 51 70 42 51 71 46 52 72 47 52 72 50 51 72 50 51 72 51 52 73 50 51 72 47 53 70 44 52 68 41 51 69 39 50 69 38 49 68 39 50 69 41 
52 70 44 53 70 43 53 69 38 52 68 38 52 68 43 51 68 43 50 67 44 50 64 44 50 63 43 50 63 41 49 62 41 49 63 42 49 65 42 49 64 41 50 61 41 49 61 42 47 63 41 46 62 43 43 60 41 41 58 40 40 57 38 38 55 33 36 51 30 36 49 29 36 48 28 37 48 28 37 47 28 38 46 29 39 46 30 39 42 29 38 41 30 37 40 30 37 40 31 37 40 32 37 40 29 35 36 25 31 30 22 28 27 22 26 24 23 25 25 27 27 27 26 27 27 20 26 25 
16 25 23 16 25 23 16 25 23 16 24 24 17 25 25 17 26 26 17 28 28 19 29 29 20 30 31 20 31 31 18 30 32 17 29 31 22 29 32 20 27 30 19 27 28 18 25 26 16 25 24 16 25 23 17 24 23 18 24 23 18 24 22 19 23 22 19 23 22 19 23 22 19 23 22 19 23 22 20 24 23 20 24 23 21 25 24 21 25 24 22 26 25 24 27 27 24 28 29 25 28 31 26 29 33 27 30 35 26 32 40 29 35 43 31 37 50 32 39 52 36 39 56 39 41 59 45 44 
62 48 45 64 51 47 65 54 48 67 52 49 68 47 48 69 47 50 70 42 53 72 43 54 73 43 54 73 43 54 73 46 53 73 47 53 73 47 53 73 47 53 72 42 54 72 36 53 71 34 52 70 35 53 71 36 53 71 37 53 71 36 51 70 41 50 70 42 51 70 40 51 70 39 50 69 38 50 69 38 50 69 38 51 70 37 52 71 39 52 71 42 52 71 44 53 72 51 52 73 51 52 73 51 52 73 50 51 72 47 52 73 46 52 72 44 51 71 41 49 69 39 47 67 41 49 69 42 
51 70 41 52 71 41 52 71 39 51 69 39 50 69 42 49 66 41 48 65 43 47 64 44 47 64 42 47 64 40 47 64 40 48 63 41 49 62 41 49 62 41 49 62 41 49 62 44 47 63 43 46 62 45 43 60 44 43 60 43 41 58 41 39 56 38 37 54 37 36 52 35 37 51 33 38 50 33 38 49 34 39 48 36 42 50 36 42 47 34 40 45 34 39 44 34 39 43 36 39 43 36 39 43 33 37 41 28 33 36 24 28 29 23 27 26 26 29 28 30 30 30 29 29 29 24 29 27 
14 26 20 14 25 22 14 25 23 15 25 24 16 26 26 17 27 27 18 28 28 19 29 29 20 30 30 19 30 30 17 30 29 16 29 28 18 27 28 15 25 25 15 25 24 14 24 23 16 23 22 16 23 21 16 22 21 16 22 21 17 23 21 17 23 22 17 23 22 17 23 22 17 23 22 17 23 22 17 23 22 18 24 23 18 24 23 18 24 23 19 24 23 20 25 24 21 25 24 22 26 26 22 27 28 24 29 31 26 32 35 29 34 38 32 34 45 34 37 48 37 39 53 39 42 57 43 43 
61 45 44 63 48 45 64 51 47 66 49 48 67 45 48 67 45 49 68 44 52 71 46 53 73 43 53 74 43 53 74 45 54 72 45 54 71 46 54 71 47 54 71 43 54 71 40 55 71 39 54 71 40 55 71 41 55 71 43 54 71 43 53 71 40 53 70 40 53 70 38 52 70 36 50 69 38 50 69 39 50 69 39 51 70 40 51 71 41 51 72 43 50 72 45 51 73 49 52 74 49 52 74 49 52 73 48 51 72 47 53 71 47 53 71 46 53 71 44 51 69 42 49 67 42 50 67 42 
50 67 42 52 66 40 51 65 37 50 63 36 49 62 38 47 60 38 45 59 39 45 59 40 45 59 39 45 58 38 44 58 38 45 58 38 47 58 38 47 58 36 47 58 37 46 58 40 45 59 39 44 58 41 42 55 42 43 56 40 41 54 39 40 54 38 39 53 37 38 52 35 38 51 33 39 51 34 40 50 35 42 50 36 43 51 36 44 50 35 43 49 38 41 49 37 41 48 36 41 49 35 41 50 33 41 46 28 37 40 23 32 33 21 30 29 24 32 31 29 34 33 27 32 31 25 30 30 
14 25 22 14 24 23 14 24 24 15 25 24 16 26 26 18 28 27 20 29 28 21 30 29 21 31 29 20 30 29 16 29 28 14 27 26 14 26 25 12 24 23 14 24 22 14 23 21 15 22 21 16 22 21 16 22 21 16 22 21 17 23 22 17 23 22 17 23 22 17 23 22 16 22 21 15 23 21 15 23 21 17 23 22 17 23 22 20 23 22 21 23 23 22 23 23 22 23 23 21 24 23 19 25 25 21 27 27 24 30 30 26 32 32 29 32 39 32 36 42 36 38 51 38 40 54 41 41 
58 43 43 60 45 45 63 46 46 65 46 48 66 45 49 67 45 50 68 42 52 69 43 52 70 43 53 73 43 53 73 44 53 73 45 53 72 44 54 71 44 54 71 43 54 71 42 54 71 43 54 71 44 54 71 45 54 71 50 54 71 49 53 71 41 54 72 41 54 72 38 53 72 36 51 70 36 51 70 37 51 70 37 51 70 37 51 71 40 52 71 45 51 72 45 51 72 49 50 72 50 51 72 48 52 73 47 52 72 43 53 70 42 54 70 43 53 70 42 51 68 43 49 66 45 49 64 44 
50 63 41 50 62 40 49 61 36 45 59 34 42 57 32 40 53 32 40 53 36 40 52 37 40 53 37 41 50 36 41 48 36 41 48 35 42 48 35 43 50 33 42 50 33 42 50 34 42 51 34 41 50 37 40 49 38 41 50 38 40 50 37 40 49 36 38 48 35 37 48 35 38 48 34 40 48 35 41 49 37 42 49 38 43 50 38 43 50 38 42 50 38 41 52 38 42 52 35 42 53 34 42 53 33 42 50 29 39 45 24 34 36 23 33 31 26 35 33 31 36 35 28 34 33 26 31 31 
15 25 23 16 25 24 16 25 24 16 25 24 17 27 25 18 28 27 18 29 28 19 30 29 19 30 29 17 29 28 14 27 25 13 25 24 14 25 23 12 24 22 13 23 21 12 22 20 15 22 21 16 22 21 16 22 21 17 23 22 17 23 22 17 23 22 16 23 22 15 24 22 15 23 22 14 24 22 14 23 21 16 22 21 16 22 21 18 22 21 20 23 22 22 23 23 23 23 23 21 23 23 18 24 23 19 25 24 21 27 26 23 29 28 26 30 33 30 34 37 33 36 45 36 38 49 37 40 
54 39 41 57 40 43 60 42 45 63 41 47 65 39 49 66 39 50 67 38 52 69 39 53 70 41 52 73 40 52 72 43 52 72 44 52 72 44 53 72 44 53 72 45 53 71 45 54 71 46 54 71 48 53 71 49 54 72 49 54 73 48 53 72 42 53 73 42 53 73 39 53 73 37 52 72 37 51 70 38 51 70 37 51 71 37 52 71 40 52 71 45 51 71 45 51 71 47 51 72 48 52 73 42 54 72 41 54 71 39 53 71 38 52 70 40 51 68 41 49 66 43 48 63 46 47 61 44 
47 60 42 46 58 39 44 56 34 40 53 30 37 50 27 35 45 27 34 44 30 35 42 32 36 42 32 36 40 31 36 38 31 36 39 32 37 39 32 38 40 30 38 41 30 38 41 30 38 41 29 37 40 32 36 40 34 38 41 34 38 42 34 38 42 33 37 43 33 36 43 33 37 43 33 39 43 34 39 44 35 38 45 36 39 46 36 39 47 37 41 49 36 43 51 38 44 53 32 45 55 30 45 55 31 45 53 29 42 49 25 37 40 24 34 33 28 37 36 33 38 38 30 36 36 27 33 33 
16 25 23 17 26 25 18 26 25 18 26 25 19 27 26 17 29 28 17 30 29 17 30 29 17 30 29 15 28 26 14 26 24 13 25 23 14 24 22 13 23 21 13 23 21 13 23 20 16 22 21 17 22 21 18 23 22 18 23 22 18 23 22 17 23 22 16 23 22 15 24 22 15 24 22 15 24 22 15 23 22 17 22 21 17 22 21 18 22 21 19 23 22 21 23 23 23 23 23 21 23 23 19 24 22 19 24 23 20 25 24 22 27 26 25 29 30 28 31 32 31 33 38 34 36 42 34 37 
49 35 38 53 36 41 57 38 44 61 38 47 64 35 49 65 36 50 66 37 52 68 39 54 70 39 51 72 39 51 72 43 52 72 44 52 72 46 52 72 47 52 72 47 52 72 48 52 72 49 53 72 50 53 71 51 54 73 49 53 74 48 52 73 45 52 75 45 52 75 41 52 74 40 51 73 38 51 72 38 51 72 38 51 73 39 51 73 41 51 72 44 50 72 44 51 72 47 52 72 47 53 73 41 54 71 42 55 71 42 53 72 40 51 71 40 49 66 40 47 64 41 46 62 42 45 60 41 
44 58 40 42 55 37 38 51 33 35 48 30 33 46 27 31 37 26 30 36 26 31 33 27 31 32 27 31 31 27 31 31 27 32 31 28 32 32 28 33 32 28 33 33 28 33 33 28 33 33 27 33 32 28 33 32 29 33 33 29 33 34 30 34 34 30 34 36 31 34 37 31 35 37 31 35 37 31 35 38 32 35 40 33 36 41 34 37 43 36 38 44 36 43 50 39 45 52 34 46 55 33 47 57 33 47 56 30 45 53 27 38 45 26 34 38 31 38 42 37 41 44 34 37 41 31 34 37 
14 26 24 15 26 26 15 27 26 17 27 27 18 27 27 18 29 28 17 30 29 17 31 30 15 29 28 14 27 26 15 26 24 13 24 22 14 23 21 14 23 21 15 22 21 15 23 21 17 23 22 18 23 22 18 23 22 18 23 22 17 24 22 16 24 22 16 24 22 14 24 22 14 24 22 14 24 22 14 24 22 16 23 21 16 22 21 17 22 21 17 22 21 19 23 22 20 23 23 20 23 23 19 24 23 19 24 23 19 24 23 20 25 24 22 26 26 24 28 28 27 31 33 29 33 35 30 34 
41 32 37 46 33 39 51 35 42 57 35 45 60 33 48 63 34 50 65 36 51 67 39 53 69 39 52 70 39 52 71 44 52 72 44 52 72 46 52 72 47 51 72 46 51 72 46 52 72 47 53 72 49 54 71 49 54 72 48 53 74 47 52 74 46 51 75 46 51 75 44 51 74 43 51 73 41 50 74 39 50 74 41 50 74 43 49 74 43 50 73 43 50 73 44 50 73 47 52 72 48 52 73 45 54 71 46 55 72 45 53 72 43 50 70 40 47 65 38 45 62 38 44 60 37 44 58 36 
42 55 34 39 52 32 36 48 30 34 43 27 31 40 26 29 32 24 28 30 23 27 27 22 27 26 22 27 26 23 28 27 23 28 27 23 28 27 23 28 27 23 28 27 23 28 27 23 28 27 23 28 27 23 28 27 24 29 28 24 29 28 25 30 29 25 30 30 27 31 31 27 32 32 26 32 32 26 32 33 27 32 35 28 33 35 30 35 37 32 37 39 36 41 46 39 44 50 36 46 55 36 47 58 35 48 58 31 46 56 29 40 49 31 36 46 35 40 49 39 44 49 35 40 46 33 36 41 
12 27 25 14 28 26 15 28 27 17 28 27 18 28 28 17 30 28 16 31 29 17 31 29 16 29 28 15 27 26 16 25 23 15 24 22 15 23 21 15 23 21 16 22 21 17 23 22 17 24 23 18 25 23 18 25 23 18 25 23 17 25 23 17 26 24 16 26 24 15 25 24 15 25 24 14 25 23 14 25 23 14 24 22 14 24 22 16 23 22 17 23 22 18 24 23 18 24 23 17 24 23 16 24 22 16 24 22 17 24 22 17 24 23 18 24 24 20 26 25 23 28 28 24 30 30 26 33 
33 29 36 37 30 37 44 32 39 51 33 43 55 30 46 59 31 48 61 33 50 65 36 53 68 40 53 68 41 53 69 44 52 70 44 52 71 45 52 71 45 52 71 44 53 72 43 53 73 44 54 73 43 55 73 44 54 73 45 53 76 45 53 75 46 52 74 46 52 73 47 51 73 47 51 73 45 51 73 44 50 73 45 49 74 46 49 74 45 48 73 44 49 73 45 49 73 48 50 71 50 52 73 47 54 72 47 54 72 44 51 71 41 48 68 38 46 64 36 43 61 34 43 59 33 42 56 31 
40 53 29 39 49 27 37 45 26 35 39 22 31 35 24 29 31 23 27 29 23 27 26 22 26 25 21 26 25 22 27 26 21 26 25 20 26 25 20 25 24 19 25 24 19 25 24 19 25 24 19 25 24 19 25 24 19 25 25 20 26 25 20 26 25 20 26 25 21 27 26 21 28 27 20 29 28 21 29 28 20 29 29 21 30 30 24 32 32 27 35 35 33 38 42 38 42 47 37 45 53 38 47 57 36 49 58 32 46 56 31 43 53 35 42 53 37 45 55 38 47 54 35 43 50 34 40 44 
15 28 26 18 29 27 18 29 28 20 29 28 21 29 29 18 30 29 17 31 29 18 31 29 19 30 28 17 27 25 18 24 23 17 23 22 17 23 22 17 23 22 17 23 22 18 24 23 18 25 24 18 26 25 18 27 25 18 27 25 18 27 25 18 28 26 18 28 26 18 27 27 18 27 26 16 27 25 16 27 25 16 26 24 16 26 24 18 25 24 18 24 23 18 24 23 18 24 23 16 24 23 14 24 22 14 24 22 16 24 22 16 24 22 18 24 23 19 25 23 20 26 25 22 28 27 24 30 
29 26 32 32 28 34 37 30 36 44 31 40 49 28 42 53 31 45 57 33 48 62 36 51 65 42 52 67 42 52 67 42 52 68 42 52 69 43 53 70 44 54 70 43 54 72 43 54 73 42 55 73 42 55 73 43 55 74 45 54 77 44 52 75 47 52 73 47 52 73 49 52 72 50 52 72 50 52 73 50 51 73 49 51 73 47 49 73 46 47 72 46 46 72 46 47 71 48 49 70 50 52 73 46 52 73 46 52 73 44 50 70 40 47 67 37 44 63 35 43 61 33 42 59 30 40 56 29 
39 52 28 38 47 27 36 45 26 35 38 23 32 35 26 31 31 25 30 30 27 28 28 27 27 27 26 27 27 25 27 27 24 27 26 23 27 26 21 26 25 20 25 24 19 25 24 18 24 23 18 24 23 18 24 23 18 24 23 18 24 23 18 24 23 19 24 23 20 24 23 19 25 24 18 26 25 18 27 25 18 26 26 19 27 27 22 29 29 25 32 31 30 36 37 34 40 41 36 43 48 38 47 52 37 48 56 35 47 56 35 46 56 38 48 57 41 50 60 41 50 60 37 47 56 37 44 50 
18 27 27 20 29 29 21 30 30 24 29 30 25 29 30 23 29 30 21 30 30 22 31 30 20 30 28 18 27 25 19 24 23 18 24 23 18 24 23 18 24 23 19 24 23 20 25 24 21 26 25 22 27 26 21 28 26 20 29 27 20 29 28 19 30 28 20 30 29 22 31 29 22 30 29 22 28 29 22 28 29 22 28 27 22 28 27 22 27 27 21 26 26 20 25 25 19 25 24 19 25 24 17 25 23 17 25 23 18 24 23 18 24 23 18 24 23 19 24 23 20 25 24 21 26 25 22 27 
27 24 28 29 25 31 33 26 34 37 28 36 42 28 38 49 32 41 53 35 44 59 38 47 62 39 49 64 40 50 65 37 51 67 37 52 68 41 53 69 43 54 70 45 54 71 46 54 71 46 54 71 48 55 72 48 55 73 49 54 76 48 53 75 50 52 73 50 52 73 52 53 71 52 53 71 53 52 72 53 52 73 51 51 73 48 48 72 46 47 71 45 45 71 45 46 71 46 49 70 49 52 73 51 52 73 51 52 73 49 50 71 45 46 68 40 45 65 37 43 63 35 42 59 33 40 55 31 
38 53 29 37 50 27 35 47 28 35 40 27 33 38 30 33 34 29 33 33 31 31 32 31 31 32 31 31 32 30 30 31 29 30 30 27 29 29 26 29 28 25 28 28 24 28 27 21 26 25 21 26 25 20 25 24 19 25 24 20 24 23 21 24 23 22 23 23 23 23 23 21 24 23 19 25 24 19 25 24 19 25 24 20 25 24 22 27 26 24 29 28 27 33 32 31 36 35 34 40 42 36 44 46 37 45 53 38 46 58 40 48 60 42 51 63 45 54 65 45 53 66 42 50 62 38 46 58 
21 29 29 24 29 30 25 30 31 27 30 31 27 30 31 26 30 31 25 30 31 24 30 30 23 29 28 21 26 26 21 25 24 20 24 24 20 24 24 20 24 24 21 25 25 23 27 26 24 28 28 25 29 28 23 29 28 21 31 29 22 31 30 23 31 31 24 32 32 25 32 33 25 32 32 27 31 32 27 31 32 27 31 32 27 31 32 27 31 32 26 29 30 25 28 29 24 28 29 22 27 27 20 26 25 20 25 24 20 24 23 20 24 23 20 24 23 21 25 24 21 25 24 22 26 25 22 26 
26 24 27 28 26 30 30 27 31 32 28 34 37 29 36 43 32 39 47 34 41 54 37 44 57 35 46 62 36 46 63 37 49 65 38 51 67 43 53 69 45 53 70 47 54 70 49 54 70 50 54 70 51 54 72 53 54 73 56 55 76 55 55 75 54 53 72 53 53 72 55 53 72 55 52 71 55 51 73 55 51 74 54 50 75 52 47 74 49 45 72 48 45 70 48 46 71 48 48 71 51 51 74 55 52 74 55 52 74 55 51 74 51 48 70 43 46 65 39 46 62 37 45 60 35 43 56 33 
41 54 31 39 52 28 36 49 30 34 46 30 35 46 33 36 42 33 36 41 35 35 40 35 35 40 35 35 40 35 34 39 34 34 37 33 33 36 32 33 35 30 32 34 30 32 34 27 32 32 27 32 32 25 30 29 23 28 27 24 26 25 24 24 24 23 24 24 24 24 24 22 24 24 21 25 24 21 25 24 21 25 24 20 25 24 21 25 24 23 28 27 26 30 29 29 34 33 33 37 37 37 41 42 38 44 49 40 47 55 43 51 61 46 54 66 49 57 69 47 55 68 45 53 66 43 48 62 
21 31 31 25 30 31 26 31 32 29 31 32 30 30 31 27 30 31 25 30 31 25 30 31 24 30 30 22 28 29 22 27 28 21 26 27 21 26 27 21 26 27 22 27 28 23 28 29 24 29 30 24 30 31 23 31 31 22 32 32 23 32 33 24 33 34 25 34 35 29 34 35 29 34 36 29 34 37 30 35 38 30 35 39 30 35 39 29 34 37 28 33 35 26 33 34 24 32 33 23 30 31 23 28 29 22 28 28 22 27 26 22 27 26 23 26 25 23 26 25 22 26 27 22 26 27 22 26 
27 23 28 29 27 29 30 30 30 31 31 32 34 31 36 38 34 38 42 36 41 49 38 43 52 38 45 60 39 46 61 41 47 63 44 50 66 48 53 69 49 54 70 49 54 70 49 54 70 49 54 70 50 54 71 52 56 73 55 57 75 54 56 74 52 54 72 51 53 71 53 52 71 53 52 71 53 52 72 53 52 73 53 51 73 51 49 72 50 48 71 50 48 71 50 49 71 49 50 71 51 52 73 54 53 72 53 52 71 53 52 71 51 50 69 46 48 65 43 47 63 40 46 62 37 44 60 35 
42 58 32 40 56 30 37 53 28 37 49 29 38 50 32 39 49 32 39 49 37 39 49 38 38 49 37 39 49 36 39 49 36 38 48 35 38 46 32 37 45 30 38 43 30 38 43 29 37 42 29 37 42 28 36 37 25 33 34 27 32 32 26 30 30 27 28 28 27 27 27 24 27 26 22 28 27 23 28 27 21 27 26 20 25 24 20 25 24 22 27 26 24 29 29 25 31 30 29 34 34 33 38 39 35 43 45 39 48 52 44 53 59 49 59 68 53 63 73 51 58 74 48 55 71 46 51 67 
22 33 31 25 32 31 26 32 31 29 30 30 30 30 30 26 31 31 23 32 32 22 31 31 21 32 30 21 31 30 22 30 30 22 30 30 24 30 29 24 30 29 24 30 29 25 31 30 24 32 31 24 33 31 24 32 33 26 33 36 27 34 38 28 34 41 29 35 42 28 37 41 28 37 41 32 35 43 33 36 44 33 35 45 33 35 45 31 36 44 30 36 43 28 36 43 25 35 42 23 33 37 23 34 32 24 32 31 30 30 31 30 30 31 29 29 30 29 29 30 28 28 29 28 28 29 29 28 
28 30 28 28 30 29 30 30 30 31 32 32 33 35 35 35 36 36 38 36 38 42 39 41 45 40 42 54 43 44 57 47 47 60 50 49 63 50 52 67 51 54 69 51 55 71 51 56 72 51 56 71 51 57 70 51 57 71 53 57 75 53 57 75 51 55 73 50 54 72 53 53 72 54 53 72 54 53 73 54 54 74 54 54 74 53 52 73 52 51 72 52 51 72 53 52 73 53 52 73 54 53 74 52 54 72 51 53 71 51 53 71 50 52 70 48 51 66 46 49 63 43 47 63 39 46 62 38 
45 61 37 43 59 35 42 58 31 41 56 32 42 57 35 42 58 37 44 60 39 44 60 39 44 60 40 45 61 40 44 61 39 44 60 38 43 59 37 42 58 38 41 57 38 41 56 35 42 51 35 42 51 34 42 49 33 41 48 32 40 44 31 38 41 32 35 37 31 31 33 30 30 31 30 30 30 31 31 31 30 30 30 29 29 29 28 28 28 28 28 28 29 29 29 30 30 30 28 32 33 31 36 37 34 41 44 38 47 51 45 54 61 51 60 71 55 64 77 52 62 77 50 59 74 49 54 70 
24 32 32 25 33 33 24 32 32 24 31 31 23 31 31 21 31 32 20 32 34 20 32 33 20 33 32 21 32 31 23 32 30 24 33 31 26 31 32 26 31 32 26 31 32 26 31 32 27 32 32 28 33 34 27 34 37 26 35 39 26 35 40 26 36 43 28 36 45 32 36 48 33 37 48 33 38 47 34 39 48 31 39 50 30 39 50 31 39 50 30 39 50 29 39 48 28 38 46 26 36 44 26 36 43 26 36 42 26 34 38 24 33 36 25 32 35 25 32 35 30 31 31 30 30 30 30 30 
30 30 30 30 30 30 30 30 30 30 31 31 31 33 33 33 34 34 36 37 35 41 39 37 43 43 38 53 46 42 56 49 44 61 51 45 63 53 51 66 55 54 68 55 56 70 54 57 71 53 57 71 53 56 72 54 57 73 53 57 75 52 56 74 53 55 73 53 55 73 53 55 73 53 55 73 52 54 72 52 54 73 55 55 73 56 54 73 56 52 72 58 51 73 58 51 73 59 52 74 59 53 75 53 55 73 51 53 71 51 53 71 51 53 71 51 52 70 51 50 68 49 49 66 48 49 63 47 
49 63 45 49 62 44 49 61 42 48 61 44 50 63 44 50 63 45 51 65 48 52 66 50 53 67 47 53 67 44 52 66 43 51 64 43 50 64 43 50 63 43 49 62 43 49 61 44 49 60 43 48 59 42 48 57 42 47 56 41 46 54 38 43 51 36 40 47 34 38 43 34 36 41 36 34 40 35 34 38 34 34 35 33 33 34 32 32 32 31 31 31 30 30 30 30 30 30 28 33 32 30 36 36 32 41 43 36 47 51 43 54 61 51 62 73 55 67 78 50 68 79 48 65 76 48 60 73 
26 32 36 26 34 34 25 33 33 25 31 34 26 30 34 24 31 35 23 32 36 23 33 36 22 32 35 24 32 36 26 33 37 26 32 36 29 32 36 29 32 36 29 31 36 28 31 35 30 32 37 31 33 38 30 34 39 29 35 40 29 35 42 30 36 44 31 37 46 33 38 47 35 39 49 35 40 51 36 40 51 32 40 52 32 40 53 33 41 53 32 40 53 30 39 52 29 39 51 27 39 51 25 39 51 26 39 50 27 39 46 26 38 46 27 35 45 26 35 44 31 36 40 31 35 38 31 33 
36 31 33 36 31 33 36 31 33 36 32 33 36 34 33 37 35 34 38 36 34 40 37 35 42 42 39 49 45 42 52 49 44 60 51 45 63 54 48 66 57 52 69 58 55 72 57 56 73 56 56 73 54 57 73 55 57 74 54 56 74 52 54 72 52 54 72 53 55 73 54 56 74 53 55 73 53 55 73 53 55 73 56 56 75 57 56 75 58 55 74 60 54 73 60 54 74 62 55 77 62 56 77 56 57 76 55 57 74 53 55 73 53 55 73 53 53 72 54 52 71 54 52 70 54 52 69 54 
53 68 55 54 67 54 54 67 55 55 68 56 56 69 52 55 71 53 56 72 52 56 72 52 57 73 50 56 72 48 55 71 47 54 70 46 54 69 48 53 69 50 53 69 50 53 69 52 52 69 51 51 68 47 51 66 46 49 64 43 48 62 41 47 59 38 44 57 35 42 54 36 41 52 38 40 51 38 39 50 39 39 48 39 39 47 39 36 44 36 34 41 34 34 35 33 33 33 34 34 35 35 36 36 35 39 42 38 45 49 44 52 60 51 60 71 57 67 79 56 69 83 55 68 82 52 63 77 
23 32 35 24 33 35 24 33 35 25 33 36 26 33 36 25 33 37 25 34 37 25 34 37 24 34 37 25 34 37 26 34 38 26 34 38 27 34 38 27 34 38 26 33 37 26 33 37 27 33 38 29 34 39 29 34 42 28 34 45 29 36 46 30 37 46 31 38 47 32 37 49 33 39 51 34 40 53 34 40 53 32 39 54 33 40 55 33 40 55 33 41 56 33 40 56 32 40 55 29 40 55 25 42 55 26 42 55 25 42 53 25 42 52 28 39 50 28 39 50 32 38 49 31 37 47 30 36 
45 30 36 44 29 36 42 29 36 40 29 36 39 29 36 39 30 36 40 31 36 40 33 37 41 41 38 47 44 41 50 48 42 58 50 44 62 54 48 66 57 51 69 57 54 71 56 56 73 55 56 73 54 57 73 54 57 73 54 56 74 52 54 72 53 53 72 54 53 72 54 54 73 54 54 72 52 54 73 52 56 74 55 58 76 57 58 77 58 58 76 60 57 76 60 56 76 60 58 77 60 58 77 55 59 77 54 58 76 52 55 73 51 55 73 52 55 73 52 55 73 53 54 72 55 55 72 56 
56 72 57 58 70 58 59 71 59 60 72 59 60 72 55 59 75 54 58 75 53 58 74 52 57 73 50 56 72 48 55 71 48 55 71 48 55 71 48 55 71 50 54 71 49 54 70 50 54 70 49 53 70 47 53 69 46 52 68 45 51 67 43 50 65 41 48 64 40 47 63 40 46 61 40 46 61 40 46 60 41 46 58 40 44 56 39 42 53 38 40 52 41 40 45 39 37 42 38 37 39 39 39 39 38 41 44 41 46 49 45 52 59 51 59 71 58 67 79 62 70 85 61 69 85 58 65 81 
24 33 37 26 34 37 26 34 37 26 34 37 27 34 37 26 34 37 26 35 38 26 35 38 26 35 39 26 35 39 26 35 38 26 35 38 26 35 38 27 36 39 26 35 40 25 34 39 26 32 40 29 34 42 29 35 45 30 36 48 31 36 49 32 36 50 32 37 51 33 37 52 34 38 53 33 39 54 34 39 54 30 39 55 30 40 56 31 40 57 32 41 58 33 42 58 33 42 57 31 42 57 29 43 57 29 43 57 28 43 57 29 43 57 31 41 54 31 41 54 32 41 55 31 40 54 33 39 
53 33 38 52 32 38 49 31 38 47 30 38 46 28 38 44 29 37 44 31 37 44 32 38 45 35 36 49 39 40 52 44 42 58 47 44 61 52 47 64 56 50 68 57 54 71 58 56 73 57 57 73 57 58 73 56 57 72 56 54 73 54 52 71 57 52 71 57 52 71 55 52 71 55 53 72 53 54 72 52 56 74 56 58 75 58 59 77 59 60 77 59 60 75 58 60 76 57 59 78 57 59 78 56 59 77 55 57 76 52 56 74 51 56 74 52 55 73 52 55 73 54 56 72 56 57 72 57 
58 73 57 60 75 58 61 75 57 61 76 57 61 76 55 61 75 54 60 74 54 58 74 54 57 73 50 57 71 48 56 69 47 55 69 47 55 69 47 55 69 46 55 70 46 55 70 45 56 69 45 56 69 44 54 70 44 54 70 44 53 70 43 53 70 44 52 69 44 52 68 45 51 68 45 52 68 45 52 68 46 51 66 45 50 65 43 48 63 41 46 61 41 45 55 39 43 53 40 42 49 42 42 48 42 44 51 44 47 55 47 52 61 53 60 71 61 68 81 63 72 87 63 72 87 61 68 84 
28 34 38 28 34 39 28 34 39 28 34 39 28 34 39 30 35 39 31 36 40 30 36 40 30 36 40 29 36 40 27 36 40 27 36 40 25 36 42 25 36 42 26 36 43 25 35 42 28 33 43 30 34 45 32 35 47 33 37 49 33 37 50 32 37 51 32 37 51 33 38 52 34 38 53 32 38 55 33 40 56 28 40 57 28 40 57 31 40 57 33 41 58 35 42 59 36 43 60 36 43 60 34 43 59 34 43 60 35 44 61 36 45 61 36 44 59 35 43 59 37 43 57 36 41 56 37 40 
55 37 40 55 35 40 53 34 39 52 33 39 51 32 39 50 31 38 50 32 38 49 33 38 50 34 38 52 35 40 54 39 42 56 42 45 59 47 47 62 52 50 65 56 54 69 59 56 71 60 57 73 58 58 73 58 57 73 59 54 73 57 52 71 58 52 70 58 52 70 57 52 70 58 53 71 56 55 72 55 56 74 58 58 75 61 60 77 61 60 77 59 60 76 59 60 76 57 60 78 57 60 78 54 59 77 53 58 75 52 56 74 52 56 74 53 56 74 54 57 74 55 57 73 57 57 73 58 
59 74 59 61 75 59 61 76 58 60 75 58 60 75 56 58 74 56 57 74 55 57 73 54 57 73 52 56 72 50 55 70 50 54 69 49 54 69 47 54 69 42 54 70 42 55 71 43 56 71 43 56 71 44 54 71 44 54 71 45 54 72 45 54 73 47 55 74 48 55 74 50 55 73 52 56 73 52 56 73 51 57 71 50 56 70 48 54 68 47 53 67 48 50 64 46 49 62 47 47 59 48 47 59 49 49 61 51 51 64 55 55 68 60 62 75 65 68 82 66 73 87 67 75 89 64 71 85 
28 35 39 28 36 40 28 36 40 28 36 40 28 36 40 30 36 41 31 37 41 30 37 41 30 37 40 28 37 41 24 36 43 24 36 43 20 36 45 20 36 45 24 35 45 24 35 45 28 35 46 30 35 48 30 36 48 31 37 50 30 38 51 27 38 51 28 38 51 29 39 53 30 39 54 29 39 56 29 40 57 29 40 57 29 40 57 31 40 57 32 41 57 34 42 59 36 43 60 36 43 61 34 43 60 35 44 61 38 46 63 39 47 64 38 47 64 38 46 63 40 45 61 39 43 59 38 42 
58 38 42 57 36 42 57 34 42 56 32 41 55 30 40 54 29 40 54 29 39 54 30 40 55 32 40 55 33 41 56 34 42 57 36 44 59 42 47 62 46 49 64 51 52 68 56 54 70 56 56 72 55 57 73 56 56 73 57 53 72 56 52 71 57 51 69 57 51 69 56 52 70 56 54 71 55 56 73 54 57 74 58 59 75 61 60 77 60 60 77 58 60 77 57 60 77 55 60 78 55 60 78 52 60 77 51 59 76 50 57 74 50 56 74 51 57 74 52 58 75 53 58 75 54 58 75 54 
58 75 55 59 75 55 59 75 54 58 74 54 58 74 54 56 74 54 56 74 51 56 72 51 56 72 50 55 71 49 55 71 49 54 70 48 53 70 45 53 69 38 54 70 39 55 70 39 55 71 40 56 72 42 55 72 43 55 73 46 55 75 48 56 76 50 56 77 52 56 77 54 58 77 56 60 78 56 60 78 53 61 76 53 61 76 51 60 74 51 59 73 52 56 71 51 55 70 53 54 70 55 54 70 57 55 71 61 57 73 64 61 77 68 65 81 70 69 85 68 75 89 69 76 91 65 74 89 
27 36 40 28 37 40 28 37 40 28 37 41 28 37 41 28 37 41 28 37 42 29 37 42 29 37 43 27 36 43 24 35 45 24 35 45 22 36 46 22 36 46 25 36 47 26 36 47 28 36 49 29 36 50 28 37 50 26 38 50 26 38 51 23 38 51 24 38 51 25 39 52 27 40 54 26 40 55 27 41 55 29 41 56 30 40 56 30 40 56 32 41 57 33 42 59 34 43 61 34 44 62 33 45 63 35 46 64 39 47 65 40 48 65 40 48 65 40 48 65 42 47 65 42 46 63 40 45 
60 39 45 59 37 44 59 35 44 59 33 42 58 31 41 57 30 41 57 30 41 58 30 41 58 32 40 58 33 40 59 33 41 59 35 43 60 41 46 63 44 48 65 47 50 67 51 52 69 52 54 71 51 55 71 52 55 71 54 53 71 54 52 70 54 51 68 54 51 67 52 53 69 53 55 70 53 56 72 54 58 73 57 59 75 60 60 76 58 61 76 56 61 76 55 61 76 53 61 76 53 61 77 52 60 77 50 59 76 49 57 74 49 57 74 50 58 75 51 59 76 51 58 75 50 57 74 49 
57 74 47 56 75 47 56 74 47 56 73 47 56 73 48 55 73 48 55 73 45 55 71 45 55 70 44 54 70 43 55 71 44 54 71 44 53 70 42 53 69 37 54 69 38 54 70 37 55 72 38 56 73 39 55 75 41 56 76 46 57 77 48 57 78 52 58 79 55 58 79 56 60 80 58 62 82 58 63 82 56 64 81 56 64 81 55 64 80 55 64 80 54 62 78 54 60 76 57 61 77 59 61 78 64 61 79 69 63 81 72 66 84 74 68 86 74 71 89 69 76 92 71 78 94 67 77 94 
28 37 40 29 37 40 29 37 40 28 36 42 28 36 43 28 35 44 28 35 45 29 37 45 29 37 45 29 36 45 28 35 47 28 35 47 28 36 48 28 36 48 27 37 49 27 37 49 27 37 50 27 37 51 26 38 50 25 39 49 25 39 51 24 38 51 23 38 51 23 39 52 25 40 53 25 40 54 26 41 55 27 41 56 27 41 56 29 41 56 31 42 57 31 44 59 32 45 61 32 46 63 32 46 64 35 47 65 41 48 65 42 49 66 42 49 66 43 50 67 44 50 66 44 49 65 42 48 
63 41 47 61 38 46 61 36 45 61 35 43 60 34 43 60 34 43 60 34 42 60 34 42 61 35 40 60 35 40 60 35 40 59 37 43 61 41 45 64 44 46 65 46 48 67 49 50 69 50 51 70 50 52 69 50 52 69 52 52 69 52 51 69 50 52 66 50 52 66 50 53 68 51 55 70 54 56 71 57 58 73 58 59 74 59 60 76 59 60 76 57 61 76 56 61 76 55 61 76 55 61 76 54 61 78 51 58 75 50 57 74 51 58 75 52 59 75 52 59 76 50 57 75 47 56 73 45 
55 72 41 55 73 41 55 73 42 55 72 42 55 72 41 55 71 41 55 71 40 55 70 39 54 70 38 54 70 37 54 71 38 53 70 39 52 70 39 52 70 40 53 71 40 54 72 37 55 74 38 56 75 40 56 77 42 58 79 48 58 80 51 59 81 55 59 81 57 60 81 57 62 83 57 65 86 58 66 86 58 67 85 58 67 85 58 68 85 58 68 84 57 66 82 56 65 81 60 65 82 62 66 83 67 66 85 72 68 87 74 70 89 75 72 91 75 75 93 70 79 95 72 81 98 69 81 98 
29 37 40 29 37 41 30 37 41 28 35 44 28 35 45 27 34 46 27 35 46 28 36 46 28 36 46 29 36 46 32 36 48 32 36 48 32 37 49 32 37 49 27 38 51 25 38 50 25 38 50 25 38 50 25 39 50 26 39 50 26 39 51 26 38 51 25 38 51 23 38 53 24 39 54 24 39 55 25 40 56 25 41 56 25 42 56 27 42 57 29 43 58 31 45 60 32 47 62 33 48 63 33 48 64 35 48 64 41 49 66 41 49 66 41 50 67 42 50 67 43 51 67 43 51 67 41 50 
66 40 49 65 38 48 64 36 46 64 34 45 63 33 44 63 34 44 63 37 44 63 37 43 62 37 40 61 38 41 62 39 41 62 40 42 63 42 44 65 44 45 66 47 47 68 50 49 70 50 49 69 48 50 68 49 51 69 51 50 69 51 50 69 49 51 67 49 51 67 52 51 68 53 53 69 57 55 72 60 57 74 60 58 76 59 58 77 59 59 78 57 60 78 57 60 78 56 60 78 56 60 78 53 60 78 51 58 75 50 58 75 50 58 75 51 58 75 50 58 75 47 57 73 43 55 72 41 
54 71 39 55 71 39 55 71 38 55 71 37 54 71 35 53 70 35 53 70 37 53 70 37 52 69 36 53 70 34 52 70 35 51 70 35 50 71 37 51 72 43 52 74 43 53 75 38 55 76 39 56 77 44 57 80 46 59 82 53 59 83 55 59 84 57 61 84 58 62 83 57 64 85 56 68 87 57 69 89 57 70 90 58 71 90 59 72 90 59 72 89 58 70 87 58 69 87 63 69 88 65 70 89 69 70 90 72 71 92 73 74 95 74 76 97 74 79 99 72 83 100 73 84 102 71 84 101 
31 36 41 28 37 44 28 37 44 27 36 43 27 36 43 25 35 45 24 35 46 25 36 47 27 36 47 28 37 48 32 37 49 32 37 49 33 38 50 33 38 50 28 38 52 27 37 51 25 37 51 24 37 51 26 38 52 27 38 52 27 37 52 26 37 52 26 37 52 25 37 52 26 38 53 25 39 55 26 40 56 27 41 56 27 41 56 29 42 57 31 45 60 34 47 62 35 47 63 36 48 63 35 49 63 36 49 64 37 49 66 37 49 66 38 50 67 38 51 68 39 53 68 39 53 68 38 53 
68 38 53 68 39 52 68 40 50 66 36 47 64 34 46 62 34 46 63 36 46 63 36 45 62 38 43 63 39 43 63 42 43 64 42 43 64 43 44 65 44 45 66 48 47 68 50 48 70 49 49 69 46 50 68 47 50 68 50 50 69 50 50 68 49 50 67 49 50 67 51 51 68 53 52 70 57 54 72 60 56 74 59 57 76 58 58 76 57 59 77 55 60 78 54 59 77 54 59 77 54 59 77 50 60 77 48 58 75 48 58 75 48 58 75 48 57 74 47 56 73 43 55 72 40 55 71 39 
54 70 37 54 70 37 54 70 35 54 71 34 52 70 34 51 69 34 52 70 36 51 69 37 51 69 35 52 70 33 51 69 33 50 70 34 50 72 37 51 73 43 52 75 43 53 76 39 55 78 40 56 79 47 57 81 50 59 84 54 60 85 56 61 86 57 63 86 59 65 87 58 67 89 57 69 91 59 71 93 60 72 94 61 73 95 62 74 96 62 74 95 60 74 93 60 74 93 64 74 93 65 74 94 70 74 94 73 74 95 73 76 97 74 79 100 75 82 102 73 85 104 74 87 106 69 87 105 
29 38 42 26 39 45 25 38 45 25 36 45 24 36 44 23 36 45 22 36 46 24 36 46 26 36 47 27 37 48 27 38 49 27 38 49 30 40 51 30 39 51 26 40 50 25 39 49 24 39 49 23 38 48 24 38 49 25 37 49 25 37 50 24 36 51 24 36 51 25 37 52 25 37 52 24 37 53 25 38 54 26 40 55 27 41 56 29 42 57 32 44 59 35 47 61 36 48 62 35 49 63 33 50 64 33 50 64 32 50 66 33 51 67 34 52 68 34 52 68 33 54 68 33 55 68 35 55 
69 37 56 70 40 55 69 40 53 68 38 51 66 34 49 65 34 48 64 36 47 64 35 45 62 36 45 62 36 45 62 37 45 64 37 44 64 37 45 65 38 46 66 41 48 68 44 50 70 43 50 69 41 51 68 42 50 68 45 50 68 45 50 68 46 50 68 46 50 68 47 50 69 48 52 70 51 55 73 54 58 76 55 59 77 55 59 77 54 60 78 52 60 77 51 59 76 50 59 76 50 58 76 45 59 76 44 58 74 43 58 74 43 58 74 44 56 73 43 55 71 41 54 70 39 54 70 37 
53 69 35 53 69 35 53 69 35 53 69 33 51 67 33 50 68 33 51 69 35 51 67 36 52 68 35 52 69 34 52 70 35 53 71 35 53 71 36 53 72 39 53 75 40 54 76 42 55 78 43 56 79 46 58 81 48 60 83 51 61 84 52 62 85 55 65 88 57 67 91 58 69 93 58 72 95 59 73 96 60 74 97 61 75 98 62 76 99 62 76 98 62 77 96 62 77 95 65 77 95 66 76 95 67 77 96 69 78 98 69 80 99 70 83 102 71 85 104 71 86 105 72 87 106 69 89 107 
29 37 44 27 37 47 26 37 48 27 36 47 26 35 46 25 35 46 24 35 46 26 35 46 29 35 47 29 36 48 28 37 48 28 38 49 27 39 50 26 38 49 25 39 49 24 38 48 25 36 47 24 35 46 24 35 46 24 35 46 24 34 46 24 34 46 24 34 47 24 34 48 24 34 48 22 34 48 24 36 50 24 37 51 25 39 53 26 41 53 28 43 54 33 44 56 38 46 59 37 48 61 32 49 62 33 50 64 32 51 65 33 52 66 33 51 67 34 52 68 33 54 68 34 55 69 37 56 
69 40 56 70 41 57 69 41 56 68 42 56 68 42 54 67 40 52 65 39 48 65 38 47 64 37 46 63 37 47 64 38 46 63 39 46 63 40 46 65 40 46 66 41 47 67 41 48 68 40 48 68 38 49 68 39 48 68 42 48 68 42 48 68 45 49 67 45 49 67 46 50 68 48 52 70 52 56 74 55 59 77 56 60 78 56 60 78 54 60 77 52 58 75 51 58 75 51 57 77 50 56 76 42 57 76 41 56 75 41 56 73 41 57 73 42 56 72 42 55 71 41 54 70 42 52 69 40 
52 69 38 52 68 38 52 68 37 52 68 37 52 68 35 50 69 36 51 70 36 52 68 37 53 69 37 54 70 36 54 70 37 55 71 36 54 72 37 54 72 39 54 73 40 54 74 45 57 78 46 58 79 47 59 79 48 61 80 49 62 81 51 64 83 51 66 87 52 68 91 56 71 94 59 73 96 60 74 97 61 75 98 63 77 100 64 79 99 65 80 100 68 82 98 67 81 97 71 80 99 72 78 98 69 79 98 67 80 99 68 82 101 69 84 103 72 87 106 73 88 108 73 88 108 72 90 108 
30 37 46 29 38 49 29 38 49 28 37 48 26 36 47 27 34 46 28 34 46 28 34 46 29 35 47 28 35 47 25 36 47 25 37 48 22 38 48 22 38 48 21 37 47 20 36 46 24 35 46 25 34 45 24 35 44 22 35 42 21 33 42 21 32 43 21 32 42 22 32 40 22 32 40 22 32 40 23 33 41 22 34 39 23 36 40 24 37 41 25 38 42 30 40 45 34 42 49 34 44 52 33 47 55 35 50 59 30 49 63 31 50 64 32 50 66 32 50 66 35 52 67 37 54 68 40 55 
68 43 58 70 46 58 72 47 57 72 47 56 72 45 55 70 44 53 68 43 50 66 41 48 64 34 48 64 34 48 64 36 47 64 36 47 64 39 47 64 41 47 65 39 48 65 37 47 64 37 47 64 40 46 66 40 46 66 40 47 64 41 48 65 45 49 67 46 50 68 48 51 69 51 53 71 53 56 75 55 59 77 56 60 78 55 59 77 54 58 77 53 57 75 52 55 74 51 54 75 51 54 75 41 55 74 39 54 73 39 55 71 40 56 72 43 55 71 44 54 69 42 52 68 42 50 68 42 
50 67 45 49 67 46 50 68 45 52 69 45 52 69 38 53 69 37 53 69 38 53 69 40 54 70 39 54 70 37 53 69 37 53 69 36 53 70 35 53 70 35 53 71 38 55 73 45 56 75 46 57 76 47 58 77 49 59 79 48 61 80 50 63 82 50 66 85 51 70 87 54 71 91 57 73 95 59 74 97 61 75 98 63 77 100 65 79 102 66 80 103 70 82 99 71 82 99 72 82 99 72 81 98 72 81 98 72 81 98 73 83 101 74 85 104 76 87 106 78 89 108 78 89 108 76 91 110 
29 38 49 31 40 49 30 40 48 32 38 49 31 36 48 31 35 47 30 34 46 29 34 47 29 35 48 27 35 48 23 37 47 23 37 47 21 37 47 21 37 47 21 38 45 19 36 43 22 35 40 24 35 39 24 34 39 24 33 37 23 32 36 21 31 35 21 30 34 23 29 34 23 29 34 26 29 31 27 30 32 27 30 32 27 30 32 26 30 31 26 29 31 27 30 31 28 31 33 29 32 35 31 34 39 36 40 45 35 44 51 36 45 53 35 45 58 36 47 60 41 49 64 43 51 67 47 53 
69 49 55 70 50 56 72 52 57 73 52 57 73 51 56 72 49 54 71 46 53 69 43 51 67 35 49 65 35 49 65 37 48 65 36 47 64 36 47 64 36 47 64 36 46 64 37 46 63 38 46 64 39 45 65 40 46 66 40 46 66 41 47 67 45 49 67 46 51 69 50 52 70 53 55 73 56 56 75 58 58 76 59 58 77 59 58 77 58 58 77 57 57 76 56 56 75 55 56 77 53 55 76 43 55 76 41 53 74 41 54 72 41 55 71 45 54 70 47 52 68 48 50 67 50 48 67 48 
47 66 46 48 66 47 50 68 44 51 68 44 51 68 43 50 67 42 50 67 40 49 66 38 48 65 36 48 64 34 48 64 34 49 65 33 49 65 33 49 66 34 50 69 37 51 70 43 52 69 44 53 70 45 54 71 46 55 72 45 58 75 47 60 77 46 62 80 48 65 85 51 68 89 54 70 93 57 72 96 60 74 97 61 75 98 62 76 99 64 78 101 71 80 100 72 81 100 76 80 101 77 80 101 77 80 101 77 80 101 77 81 102 78 84 106 80 86 107 80 87 109 81 89 111 79 92 111 
32 39 51 33 41 48 32 40 47 31 39 46 30 38 46 28 36 46 25 35 46 25 35 46 25 35 46 24 35 46 22 36 44 22 36 44 22 37 43 22 37 43 20 36 40 19 35 39 19 34 36 19 32 34 18 31 34 17 30 33 15 29 31 14 27 30 15 27 29 17 27 26 18 28 27 22 27 26 22 27 27 22 27 27 21 26 25 19 24 24 18 24 23 21 23 23 23 23 23 22 24 24 21 25 24 22 27 27 24 30 30 28 34 35 31 37 43 35 41 48 37 43 53 40 47 57 42 49 
61 44 51 65 45 54 68 46 56 71 48 57 72 48 58 73 48 57 72 45 54 70 43 53 68 38 51 66 37 49 64 33 49 63 33 49 63 32 47 63 31 46 63 32 45 62 33 44 61 34 45 61 37 45 63 38 46 64 42 46 64 43 47 65 46 50 68 47 51 69 49 53 70 51 55 73 53 58 75 53 59 76 54 58 76 55 58 76 54 58 76 54 57 75 53 57 75 53 57 75 53 57 75 44 57 74 42 56 73 38 55 71 37 54 70 40 52 69 43 51 68 45 50 68 48 49 67 45 
48 66 41 49 66 42 50 67 40 49 66 39 48 64 37 46 63 35 44 61 34 42 59 34 41 58 30 42 55 28 42 53 29 43 54 28 43 53 28 43 54 29 45 56 31 46 57 37 46 58 40 49 60 40 48 62 41 49 63 39 52 66 39 53 69 40 55 71 42 58 75 46 62 80 51 66 87 53 69 90 54 70 93 57 73 96 58 74 97 59 75 98 65 78 97 67 79 98 71 78 99 72 79 100 75 79 101 76 79 101 76 81 102 76 84 104 77 86 106 75 89 108 78 92 111 79 94 111 
33 40 49 35 40 51 34 39 50 33 38 49 32 37 48 29 36 47 26 35 46 25 35 46 25 35 46 25 35 45 25 36 43 24 35 42 24 37 40 23 35 38 20 36 35 18 34 33 21 33 31 21 31 30 19 30 28 16 28 27 14 26 25 14 25 24 14 25 24 16 26 24 18 27 25 23 28 27 24 28 27 25 26 26 23 24 24 20 21 21 19 20 20 20 20 20 20 20 20 20 20 20 20 21 20 20 21 21 21 23 23 24 26 26 28 32 32 34 38 38 38 41 46 41 44 49 41 45 
53 43 46 57 44 49 61 45 52 65 47 54 68 49 56 69 48 55 69 46 55 68 44 53 66 36 52 64 34 51 63 33 49 63 34 48 63 32 47 62 31 45 60 33 43 60 37 42 60 37 42 60 37 43 60 38 43 61 41 44 63 42 46 64 46 48 66 47 50 68 50 52 70 52 55 73 52 57 74 52 59 75 52 59 76 52 59 76 52 58 76 51 58 75 51 57 74 54 56 74 54 57 75 48 59 74 46 57 72 42 55 71 40 53 70 43 51 68 45 50 68 45 50 67 45 49 67 44 
48 66 40 48 65 39 47 63 37 45 62 35 42 59 34 40 56 31 37 53 31 35 48 29 32 44 25 32 38 23 32 35 21 31 32 19 29 30 20 30 31 23 31 33 25 33 34 28 34 36 31 38 40 35 39 45 37 41 48 38 42 51 40 44 53 35 46 59 34 49 64 39 54 70 45 59 76 48 63 82 49 65 88 52 69 91 56 73 92 57 75 94 61 76 94 62 77 96 65 76 99 66 77 100 72 77 101 76 78 102 76 80 103 76 82 103 78 85 106 78 90 108 80 92 111 80 96 112 
33 40 49 33 40 51 32 40 51 31 38 49 29 37 48 27 36 47 25 35 46 25 35 46 26 35 46 24 34 45 21 34 42 20 33 40 19 34 37 18 33 36 18 32 33 17 31 32 18 30 28 17 28 26 17 27 25 16 26 24 15 25 23 14 24 23 15 25 23 19 25 23 23 28 26 28 29 29 28 30 29 27 28 28 24 24 24 20 20 20 19 19 19 19 19 19 19 19 19 19 19 19 19 19 19 20 20 20 21 21 21 23 23 23 27 29 28 35 36 36 42 42 44 43 44 46 42 42 
47 42 41 48 40 43 53 40 46 59 43 49 63 45 51 66 46 53 67 44 54 68 42 52 67 34 51 65 32 50 63 34 47 62 33 45 60 34 44 59 34 42 58 34 41 57 34 41 58 34 41 58 33 41 58 33 41 58 36 42 59 39 45 62 43 46 64 45 48 66 48 51 69 49 53 71 50 55 73 50 57 75 52 58 75 52 59 75 51 59 76 49 58 75 49 57 74 50 57 73 51 58 74 50 57 73 48 56 72 44 54 70 43 52 69 44 51 68 45 49 67 43 48 66 40 48 65 39 
47 64 37 44 61 34 41 57 32 40 54 30 37 52 31 37 45 28 33 42 26 31 35 23 27 31 20 26 27 19 25 25 18 24 23 17 23 22 17 23 22 18 24 23 20 26 25 27 29 28 32 33 33 40 36 39 42 38 40 41 37 42 40 36 42 34 37 45 33 39 49 34 43 56 36 48 65 41 54 72 43 58 79 48 63 83 50 68 86 53 71 89 56 73 91 58 75 93 60 75 96 61 76 97 66 76 99 70 77 101 70 79 103 71 82 105 74 85 107 77 89 109 80 92 112 81 96 112 
36 40 51 31 41 52 30 41 52 30 40 50 29 38 49 28 36 48 27 35 47 27 35 46 26 35 45 23 34 44 17 32 42 16 31 40 16 32 35 15 31 34 17 30 30 17 29 28 18 26 25 18 25 23 18 24 23 18 24 23 17 23 22 17 24 22 18 24 23 22 26 25 26 29 28 31 31 31 31 31 31 28 28 28 24 24 24 20 20 20 18 18 18 18 18 18 18 18 18 19 19 19 20 20 20 20 20 20 22 22 22 23 23 23 27 27 27 38 38 38 45 45 45 45 45 46 43 42 
44 40 39 42 36 37 44 35 39 49 38 42 53 42 44 59 45 49 63 43 51 67 43 51 67 40 50 65 37 48 63 36 44 60 34 41 58 34 40 57 34 39 56 32 38 55 30 39 56 30 39 56 30 39 56 31 39 56 33 41 58 35 42 59 40 44 62 42 46 64 47 50 67 49 52 70 51 53 72 53 55 73 55 57 75 56 57 75 54 57 75 51 57 75 50 56 74 51 57 74 51 58 75 49 57 73 47 55 72 44 53 70 42 51 68 43 49 67 44 48 66 42 46 64 40 44 62 37 
42 59 33 40 54 30 36 49 30 36 44 28 35 43 30 34 37 27 31 34 24 28 28 20 24 24 18 22 22 17 22 21 17 22 21 17 22 21 17 22 21 18 22 21 20 25 24 28 28 28 34 34 34 46 42 42 49 44 45 45 41 42 39 36 38 33 33 36 31 33 36 31 34 41 33 38 50 37 44 58 37 49 67 42 55 73 45 59 79 49 64 84 52 69 88 53 70 89 55 72 92 56 73 93 61 75 97 65 77 100 66 79 102 68 82 105 71 84 107 76 87 110 79 90 112 84 95 112 
36 40 52 30 41 52 29 41 52 29 40 52 27 38 51 27 36 49 27 35 48 25 35 47 22 34 46 20 33 45 15 32 42 13 30 40 16 31 34 14 29 32 16 28 28 15 26 26 16 25 24 16 24 23 16 24 22 17 23 22 17 23 22 18 23 22 20 24 23 24 26 26 28 30 29 32 32 32 31 31 31 28 28 28 23 23 23 20 20 20 18 18 18 18 18 18 19 19 19 19 20 20 18 22 21 19 22 22 21 23 22 21 23 23 27 27 27 40 40 40 51 51 51 50 49 49 45 44 
45 39 39 39 32 35 37 29 33 38 31 35 43 35 39 50 40 44 57 42 48 63 44 50 65 41 49 63 39 47 61 35 42 58 31 38 55 30 37 54 29 37 53 28 37 52 27 37 51 27 36 52 27 37 53 29 38 55 31 39 57 33 40 58 37 43 60 40 46 63 45 48 66 48 51 69 50 52 71 53 54 73 55 56 75 55 56 75 52 55 73 49 55 73 48 55 72 48 55 73 49 56 74 47 56 73 45 55 72 41 52 69 39 49 66 40 48 65 40 46 64 38 43 61 35 39 56 31 
36 51 29 35 43 26 32 40 27 32 37 28 33 38 29 33 35 26 30 31 21 26 25 17 22 21 16 21 20 16 21 20 16 21 20 16 21 20 17 22 21 18 23 22 20 25 24 30 30 30 38 38 38 59 54 54 64 58 59 56 53 53 43 41 41 33 33 33 29 29 30 28 29 31 30 32 36 32 36 44 31 41 56 36 47 62 40 53 71 45 58 76 47 64 82 49 66 85 52 69 88 54 72 91 58 74 94 61 77 98 64 80 101 66 82 104 69 84 106 73 88 109 77 91 112 83 96 112 
34 40 52 28 42 53 27 42 53 26 40 53 24 39 52 24 37 50 25 36 49 23 36 48 21 35 47 19 34 45 16 32 42 14 30 39 17 30 33 14 28 31 14 27 29 12 25 27 14 25 24 15 25 23 15 24 22 15 24 22 16 24 22 18 24 23 20 25 24 26 26 26 29 29 29 28 32 31 27 31 30 25 28 27 21 23 23 19 19 19 18 18 18 18 18 18 20 20 20 21 22 22 21 24 23 22 25 24 22 24 24 23 25 24 29 28 28 42 41 41 57 56 56 54 53 53 45 45 
46 38 38 39 30 33 34 25 29 31 25 30 33 27 34 40 34 40 48 38 44 59 41 48 62 38 47 61 36 45 59 32 40 55 28 37 52 27 36 50 26 35 49 26 35 49 26 34 49 25 34 49 25 34 51 27 36 53 30 39 56 32 40 57 37 42 60 40 46 63 42 48 65 45 50 68 47 53 70 49 54 72 51 56 74 50 55 74 47 54 72 44 54 71 43 53 71 43 53 71 44 55 73 44 55 72 42 53 70 38 50 67 36 48 65 35 47 63 33 44 60 30 40 54 27 35 47 24 
31 41 24 30 34 23 29 33 26 30 34 27 32 36 28 34 34 25 30 30 19 25 24 16 22 21 14 20 19 14 20 20 15 21 20 16 22 21 17 23 22 18 24 22 20 25 24 31 31 31 41 41 41 65 61 61 72 68 68 65 63 63 50 48 48 36 35 36 29 29 30 27 28 28 27 29 29 29 32 36 29 37 48 36 45 56 39 50 67 43 55 71 45 60 77 49 64 82 52 68 85 56 72 89 58 74 94 61 77 98 64 80 102 66 83 104 69 85 106 73 89 109 77 93 112 82 98 114 
31 41 51 27 42 54 26 42 55 26 41 54 24 39 52 25 37 51 26 37 50 25 36 49 23 36 48 22 34 46 21 33 43 18 31 41 18 30 35 17 28 34 15 28 30 13 26 28 16 26 26 17 25 25 16 25 25 16 26 24 17 25 24 19 26 24 21 26 25 25 27 27 27 29 29 22 31 29 22 31 29 22 27 26 19 24 22 18 20 19 18 18 18 19 19 19 21 21 21 23 23 23 25 25 25 26 26 26 24 24 24 24 24 24 29 28 28 40 38 38 56 55 55 51 50 50 43 42 
43 35 35 36 29 30 30 24 26 27 23 26 28 24 31 33 30 36 41 32 40 54 36 44 59 35 45 59 33 42 56 31 38 54 27 34 50 26 34 48 26 34 47 26 34 48 27 33 49 26 33 49 25 33 50 28 35 52 32 39 56 33 40 57 37 43 60 39 45 63 39 48 65 41 50 68 45 53 71 47 54 72 47 54 73 46 54 73 44 54 72 42 54 71 41 53 70 43 52 72 44 53 72 40 53 71 38 51 69 34 49 66 32 47 64 30 45 61 26 40 56 24 36 48 22 31 39 19 
27 33 21 26 29 21 26 29 24 29 32 26 31 34 27 32 32 22 28 28 18 24 23 15 21 20 14 20 19 15 21 20 17 22 21 20 23 23 21 24 23 21 24 23 23 25 24 30 30 30 39 39 39 61 59 59 68 66 66 66 63 63 53 50 50 39 38 38 32 32 32 29 31 32 29 32 34 31 35 39 32 40 49 39 47 58 43 51 66 48 57 72 51 61 76 54 64 79 58 69 85 62 73 90 64 76 96 66 79 100 68 82 103 69 85 106 72 88 108 76 92 110 80 96 113 84 100 116 
27 41 52 26 41 55 26 41 56 30 41 56 30 39 54 30 37 53 29 37 52 28 36 51 26 36 49 25 34 47 25 34 45 24 33 43 21 31 39 20 29 38 19 30 33 17 29 31 18 27 31 19 27 30 19 27 30 19 28 29 20 28 29 21 29 29 23 30 30 26 29 32 26 30 32 23 30 29 22 29 29 22 27 26 19 23 22 19 20 20 19 19 19 19 19 19 20 20 20 23 23 23 25 25 25 25 25 25 24 24 24 23 23 23 27 27 27 35 35 35 47 46 46 44 43 43 37 36 
37 31 31 32 27 27 28 25 25 26 24 25 27 24 28 32 30 34 40 30 38 52 34 41 56 34 42 56 32 40 54 29 36 52 27 33 50 27 34 47 27 34 46 28 34 47 28 33 48 27 33 49 26 33 50 29 36 53 32 39 57 34 41 59 36 44 62 38 46 64 37 48 67 39 50 70 44 52 72 47 53 72 45 53 72 42 54 71 41 54 71 40 54 70 40 53 70 44 51 71 43 50 70 36 50 69 34 49 67 30 47 65 28 45 63 26 42 59 22 37 54 21 32 46 21 27 37 19 
24 32 20 24 28 20 24 28 22 26 30 25 29 32 25 29 30 21 25 26 18 23 22 15 21 20 15 20 19 16 22 21 20 23 22 24 24 24 24 24 24 24 24 24 24 24 24 29 29 29 36 36 36 55 53 53 62 59 59 59 57 57 50 47 47 40 40 41 36 38 41 36 41 46 37 47 53 42 51 59 44 53 65 49 58 70 54 62 75 60 68 81 63 71 85 65 72 87 68 76 92 72 79 96 74 82 101 75 85 104 75 87 106 75 90 108 77 92 110 81 96 112 83 99 114 87 101 118 
27 40 55 30 41 55 30 41 56 34 40 56 34 39 55 32 39 54 30 38 53 30 37 52 29 37 52 28 36 50 26 36 47 25 35 46 22 32 42 21 31 42 20 31 37 19 31 35 22 30 35 23 30 35 23 30 35 24 31 35 25 32 37 25 32 38 26 33 39 28 31 41 27 30 40 27 30 35 26 29 34 28 27 30 25 24 26 22 22 23 21 21 22 21 21 21 21 21 21 22 22 22 23 23 23 23 23 23 22 23 23 22 23 23 25 26 27 30 31 32 34 34 36 34 35 36 31 31 
33 28 29 31 27 27 30 27 25 31 27 26 33 27 28 39 30 32 44 29 37 53 33 40 57 32 39 56 29 37 53 27 34 50 26 33 49 28 33 47 29 33 46 29 33 46 29 33 46 28 33 47 27 33 51 29 36 53 32 38 58 35 42 62 38 44 64 40 46 66 42 49 69 44 52 72 46 53 73 47 53 73 44 54 73 40 54 73 40 53 71 39 53 70 39 52 69 43 50 70 41 48 68 35 48 67 33 47 66 29 44 64 27 42 62 26 40 60 24 38 56 24 33 49 25 29 42 23 
26 37 22 25 31 22 25 31 23 26 31 24 27 32 24 28 30 21 25 27 19 23 24 17 22 22 16 21 21 17 23 22 20 23 23 22 23 23 22 24 24 22 23 24 24 25 25 28 28 28 36 36 36 50 48 49 57 54 55 54 54 56 52 54 56 52 56 61 55 61 68 60 67 77 64 73 86 67 76 89 68 76 90 70 78 92 73 80 96 76 83 99 81 88 104 84 91 107 85 92 108 84 92 108 86 94 111 87 95 114 85 96 113 83 98 113 84 99 114 86 101 116 87 102 117 87 103 119 
29 42 54 34 42 55 34 42 56 35 41 55 34 40 53 31 39 52 29 39 52 29 38 51 30 38 52 29 38 51 25 38 50 23 36 48 21 35 46 20 34 45 22 34 41 21 33 40 23 33 38 25 34 38 25 35 39 25 35 40 25 36 42 26 36 44 27 37 46 27 36 47 28 36 47 29 35 44 28 33 43 31 31 40 29 28 38 26 27 31 24 26 28 23 25 26 23 24 25 23 24 24 23 24 24 22 24 25 18 25 25 19 26 26 23 28 32 26 31 35 29 32 36 30 33 37 29 31 
36 28 30 35 29 29 36 30 28 38 29 29 41 28 31 45 29 34 49 29 37 54 32 40 57 28 38 51 26 36 49 24 34 48 24 34 47 26 33 46 26 32 44 26 32 44 26 32 44 26 32 46 27 34 51 30 37 54 32 40 60 36 43 63 39 46 67 41 49 69 46 52 72 48 54 74 49 56 76 49 57 76 45 56 75 40 55 74 39 53 73 38 52 71 37 50 70 42 48 69 40 47 67 32 47 66 30 45 64 26 42 64 24 40 63 24 39 60 24 39 58 26 36 54 27 33 50 25 
31 45 22 29 39 21 28 38 21 29 37 21 29 37 21 30 35 19 28 33 16 25 29 15 24 28 15 25 26 17 26 26 18 26 26 19 25 26 19 26 27 21 27 29 25 30 33 33 34 37 40 41 44 49 51 57 55 58 64 63 69 77 79 86 94 93 99 110 100 105 117 99 105 117 92 98 111 82 88 103 76 85 102 77 86 103 80 90 105 83 93 108 91 100 113 95 104 117 98 107 120 99 108 121 99 107 120 97 106 119 93 105 118 88 105 117 88 105 117 88 106 117 88 106 118 88 104 120 
33 43 56 36 43 59 36 43 59 37 42 58 37 41 56 34 39 55 32 39 55 32 40 55 31 41 56 29 40 55 27 39 54 25 37 52 24 36 51 23 35 50 26 35 47 26 35 46 26 36 45 26 36 44 26 36 44 26 36 44 26 36 45 27 37 46 29 39 48 30 39 50 31 40 51 33 39 51 33 39 51 30 38 51 28 37 50 27 36 47 24 33 45 26 32 40 27 32 36 26 31 35 25 30 34 24 30 35 20 30 38 22 31 39 25 32 42 26 33 42 30 34 41 32 35 41 32 34 
44 31 33 44 30 33 44 29 34 46 29 34 48 27 34 51 28 35 52 28 37 54 30 39 56 27 36 53 24 33 50 26 33 49 25 32 48 27 31 46 28 31 45 28 32 43 28 33 43 28 33 46 29 34 52 33 38 57 37 42 64 40 45 67 44 49 71 47 52 74 50 56 76 53 59 78 54 61 79 54 62 79 51 60 79 47 57 77 44 53 74 41 51 72 39 49 70 40 47 69 38 45 67 31 46 66 29 44 64 27 42 65 25 40 64 23 40 61 23 40 60 24 39 58 24 38 54 24 
36 51 25 33 47 23 31 44 25 31 44 25 31 44 22 30 44 21 29 43 19 29 39 19 29 38 19 30 38 19 32 40 21 34 42 23 35 44 24 36 46 29 40 51 37 48 60 50 54 71 53 58 75 62 67 83 69 74 90 87 90 106 98 101 117 102 105 120 101 105 119 97 102 117 89 96 112 83 90 106 82 89 106 82 90 107 84 94 109 89 99 114 93 103 118 97 107 122 101 111 124 103 112 126 99 112 126 97 111 126 96 110 125 94 109 124 93 108 122 90 107 121 90 107 121 88 106 122 
38 47 58 39 46 61 39 46 62 39 44 60 38 43 58 35 42 56 33 41 54 33 41 54 33 42 54 33 41 54 33 41 54 32 40 53 32 40 53 31 39 52 30 37 53 28 35 51 28 36 49 27 35 48 27 35 48 27 35 48 27 36 49 26 37 50 29 38 51 32 40 53 32 40 53 31 41 54 31 41 54 31 41 54 32 42 55 32 41 56 32 39 55 32 38 54 32 37 53 31 36 51 31 37 50 30 36 50 28 35 51 29 36 52 28 35 51 27 34 50 31 35 51 32 35 51 32 35 
51 32 35 51 31 35 51 31 36 52 31 37 53 31 38 54 32 39 55 32 39 56 31 38 55 28 35 52 26 33 50 26 34 47 25 33 46 25 32 45 25 31 44 24 31 45 25 32 48 27 34 50 30 37 54 34 41 58 40 47 64 44 51 68 49 55 75 53 59 79 57 61 80 61 65 83 61 67 85 61 68 85 59 66 83 54 61 78 48 56 74 42 53 72 40 50 70 41 48 72 38 45 69 32 46 69 30 44 67 28 44 67 26 42 65 25 42 63 24 41 61 24 41 59 24 41 56 24 
39 55 25 37 52 24 35 51 27 34 50 26 33 49 23 35 50 23 35 50 21 34 50 21 34 51 22 36 52 25 39 55 28 43 59 30 46 62 33 48 65 36 51 70 41 55 73 53 60 77 59 66 83 66 69 86 73 75 93 76 80 98 79 83 101 81 86 106 83 89 108 81 89 108 78 89 106 78 89 106 80 90 108 82 93 110 84 98 113 88 102 117 95 106 120 98 108 123 101 111 126 103 113 128 100 115 128 98 116 127 96 115 126 93 114 124 93 113 124 91 111 122 90 110 121 90 108 124 
37 47 60 41 47 63 41 46 62 41 45 61 41 44 60 38 44 60 36 43 59 35 43 58 34 43 58 33 43 58 35 42 58 35 42 58 35 43 59 35 42 58 34 41 58 32 39 56 31 38 55 30 37 54 30 37 53 30 37 53 29 37 53 28 37 54 29 38 55 30 39 56 30 39 56 27 41 57 27 41 57 27 41 57 29 43 59 31 44 58 31 44 56 34 43 56 37 42 56 37 41 56 37 39 57 35 39 56 32 40 56 32 40 56 32 40 55 32 38 55 36 39 55 37 40 55 34 38 
54 33 38 54 31 38 54 29 38 55 30 38 56 31 39 59 32 40 59 32 40 57 31 38 55 28 35 52 27 34 51 26 33 49 24 32 47 25 30 47 25 29 47 26 30 47 27 33 49 30 35 52 33 40 57 38 45 62 43 50 67 49 56 73 53 60 77 59 66 83 65 69 86 69 71 89 68 74 91 67 74 91 65 72 89 60 67 84 53 61 79 46 57 75 42 53 73 40 49 73 38 47 71 35 46 70 34 45 69 30 45 68 29 45 68 28 45 65 27 45 63 27 45 62 26 44 60 25 
42 58 27 40 57 27 40 56 29 37 55 28 37 54 25 38 55 25 39 55 24 38 57 24 38 57 24 39 58 26 41 59 28 43 62 31 46 65 33 49 68 36 53 72 40 56 75 49 61 80 52 64 83 64 66 86 68 69 90 69 72 93 72 75 96 73 79 100 75 82 103 74 85 104 73 89 105 75 91 107 77 95 109 80 98 112 87 101 116 91 105 120 99 107 122 101 109 124 101 113 126 102 114 127 101 114 128 100 114 129 99 114 129 98 115 128 97 114 128 96 113 127 94 111 125 93 110 126 
39 49 58 42 49 62 43 48 62 42 48 61 42 47 61 40 47 62 39 46 62 37 46 61 35 46 61 35 46 62 36 45 62 37 45 62 41 45 63 40 44 62 38 44 61 36 43 60 35 42 59 33 40 57 31 39 56 30 39 56 28 39 56 25 39 56 26 40 56 29 40 57 29 40 57 27 41 57 27 41 57 27 40 58 29 42 60 30 44 60 30 44 59 33 43 59 36 43 59 37 42 59 38 41 59 36 41 59 35 42 59 35 42 58 35 42 56 35 42 56 34 42 56 33 42 55 31 41 
55 29 40 56 30 39 57 31 39 58 31 39 59 31 39 59 32 40 59 31 39 58 29 37 56 29 36 53 27 34 51 26 33 49 25 32 48 24 31 45 23 31 44 26 32 46 29 35 48 32 38 53 35 42 59 42 49 65 48 55 72 54 61 78 61 68 85 67 74 91 72 76 94 75 79 97 76 81 99 75 82 99 72 79 96 66 73 90 59 68 85 51 62 81 46 57 77 43 52 76 42 51 75 37 50 73 34 48 71 31 47 68 30 47 67 30 47 65 30 47 64 31 47 64 33 47 63 32 
46 62 30 44 60 29 43 59 26 40 57 26 40 57 28 40 57 28 40 57 27 40 58 27 40 59 28 41 60 30 43 62 32 45 64 34 47 66 35 49 68 36 52 71 39 55 74 45 58 77 48 60 80 53 62 83 57 66 87 62 68 90 67 71 93 68 75 98 70 79 102 72 84 104 73 89 105 76 93 109 80 96 112 83 99 115 91 104 117 94 107 120 102 110 123 103 111 125 104 112 127 105 113 129 105 113 130 105 113 130 103 114 130 100 114 130 100 115 130 99 114 129 98 113 128 97 112 128 
40 48 60 43 49 64 44 49 64 43 49 64 43 49 64 41 48 63 39 48 62 38 48 63 37 49 64 38 49 64 41 48 65 41 48 65 42 48 65 42 48 65 39 47 64 39 47 64 39 46 63 37 44 61 35 42 61 33 41 60 30 40 59 28 40 58 28 40 58 30 41 59 30 41 60 31 40 59 31 40 59 33 40 60 34 42 61 35 43 61 35 44 61 36 44 61 37 44 61 38 44 60 39 45 59 38 45 59 35 45 59 35 44 58 34 44 58 33 43 58 30 43 58 29 42 57 27 41 
58 26 40 59 26 39 60 26 39 61 26 39 61 26 39 61 26 39 61 25 39 58 25 38 58 25 37 54 23 35 51 25 33 49 25 32 48 23 30 46 23 30 45 25 32 46 29 36 49 33 41 56 38 47 64 45 53 70 55 60 77 63 68 85 71 76 93 77 81 99 79 84 102 81 85 103 82 86 104 82 87 105 78 84 102 72 79 96 65 72 90 58 66 87 53 61 82 47 57 79 46 56 77 45 53 75 42 50 73 35 49 72 32 48 70 32 48 69 32 49 68 33 49 68 34 49 67 33 
48 66 31 48 64 30 47 63 29 44 61 26 42 58 28 41 59 28 40 59 28 40 59 30 41 60 32 42 61 34 43 63 36 45 65 39 46 66 39 48 67 37 51 70 40 53 72 40 55 74 42 56 75 45 59 81 49 62 85 56 66 89 61 69 93 65 73 97 69 78 102 72 84 105 76 90 108 80 94 112 82 98 114 87 102 118 96 107 119 99 110 123 104 112 125 106 114 127 107 115 128 107 115 129 108 114 130 109 114 131 107 114 131 104 114 131 103 114 131 100 114 130 98 113 129 95 112 128 
41 51 62 45 51 66 46 51 67 46 50 66 46 50 66 43 49 65 41 49 65 40 50 65 39 50 66 40 50 66 42 50 67 43 51 68 45 50 68 45 50 68 44 50 68 44 49 67 42 49 67 40 48 65 37 46 65 34 45 64 33 43 62 31 42 61 31 42 61 31 42 61 32 42 61 33 41 59 33 41 59 36 40 61 36 40 61 37 42 60 38 43 61 39 44 61 40 45 62 40 45 61 42 45 61 41 45 61 38 46 61 36 45 60 31 44 60 30 43 59 27 43 59 26 43 59 25 41 
61 24 40 62 24 40 62 24 39 62 23 38 61 22 37 61 22 38 60 22 39 57 21 38 56 22 37 53 20 36 52 23 33 50 21 31 47 21 30 46 23 32 47 25 34 49 29 39 53 36 45 60 43 51 68 52 58 76 62 66 84 71 75 93 82 82 101 87 88 107 89 91 109 88 91 109 89 92 110 89 92 110 86 89 108 80 83 102 73 76 97 66 70 94 61 66 89 56 63 84 53 59 81 50 58 79 47 55 76 39 52 75 35 50 73 33 49 71 33 49 71 33 49 70 33 49 69 34 
